t # 0
v 0 0
v 1 1
v 2 2
v 3 3
v 4 4
v 5 2
v 6 2
v 7 5
v 8 6
v 9 7
v 10 2
v 11 2
v 12 8
v 13 0
v 14 0
v 15 2
v 16 2
v 17 9
v 18 2
v 19 9
v 20 3
v 21 10
v 22 2
v 23 5
v 24 5
v 25 4
v 26 0
v 27 5
v 28 0
v 29 10
v 30 11
v 31 12
v 32 3
v 33 0
v 34 13
v 35 5
v 36 9
v 37 2
v 38 14
v 39 6
v 40 15
v 41 1
v 42 0
v 43 0
v 44 2
v 45 0
v 46 16
v 47 2
v 48 0
v 49 0
v 50 10
v 51 17
v 52 5
v 53 0
v 54 0
v 55 9
v 56 2
v 57 9
v 58 2
v 59 5
v 60 0
v 61 0
v 62 4
v 63 0
v 64 2
v 65 16
v 66 10
v 67 18
v 68 4
v 69 0
v 70 0
v 71 9
v 72 17
v 73 17
v 74 2
v 75 0
v 76 3
v 77 2
v 78 17
v 79 3
v 80 2
v 81 12
v 82 15
v 83 17
v 84 4
v 85 2
v 86 2
v 87 3
v 88 4
v 89 14
v 90 3
v 91 0
v 92 5
v 93 0
v 94 3
v 95 2
v 96 4
v 97 19
v 98 6
v 99 2
v 100 4
v 101 12
v 102 17
v 103 16
v 104 2
v 105 0
v 106 9
v 107 12
v 108 15
v 109 0
v 110 1
v 111 17
v 112 0
v 113 3
v 114 5
v 115 2
v 116 9
v 117 9
v 118 0
v 119 17
v 120 11
v 121 0
v 122 4
v 123 3
v 124 11
v 125 5
v 126 12
v 127 2
v 128 9
v 129 17
v 130 4
v 131 11
v 132 9
v 133 4
v 134 5
v 135 5
v 136 0
v 137 4
v 138 9
v 139 4
v 140 2
v 141 0
v 142 3
v 143 6
v 144 0
v 145 0
v 146 10
v 147 2
v 148 0
v 149 5
v 150 3
v 151 3
v 152 0
v 153 0
v 154 12
v 155 17
v 156 20
v 157 0
v 158 0
v 159 5
v 160 5
v 161 17
v 162 10
v 163 0
v 164 0
v 165 0
v 166 17
v 167 12
v 168 0
v 169 0
v 170 6
v 171 0
v 172 21
v 173 12
v 174 4
v 175 4
v 176 22
v 177 4
v 178 2
v 179 17
v 180 2
v 181 2
v 182 4
v 183 0
v 184 3
v 185 0
v 186 23
v 187 24
v 188 0
v 189 0
v 190 0
v 191 25
v 192 9
v 193 5
v 194 9
v 195 3
v 196 0
v 197 15
v 198 14
v 199 9
v 200 26
v 201 9
v 202 5
v 203 9
v 204 22
v 205 3
v 206 9
v 207 26
v 208 3
v 209 5
v 210 15
v 211 15
v 212 0
v 213 5
v 214 3
v 215 15
v 216 14
v 217 26
v 218 5
v 219 17
v 220 2
v 221 15
v 222 15
v 223 15
v 224 3
v 225 18
v 226 3
v 227 15
v 228 15
v 229 0
v 230 2
v 231 9
v 232 2
v 233 2
v 234 9
v 235 15
v 236 15
v 237 0
v 238 15
v 239 0
v 240 9
v 241 15
v 242 15
v 243 5
v 244 0
v 245 4
v 246 0
v 247 4
v 248 22
v 249 17
v 250 9
v 251 0
v 252 0
v 253 9
v 254 27
v 255 15
v 256 9
v 257 0
v 258 9
v 259 15
v 260 15
v 261 21
v 262 2
v 263 0
v 264 15
v 265 15
v 266 9
v 267 2
v 268 9
v 269 5
v 270 26
v 271 0
v 272 11
v 273 0
v 274 24
v 275 2
v 276 9
v 277 9
v 278 15
v 279 2
v 280 0
v 281 2
v 282 17
v 283 9
v 284 9
v 285 0
v 286 0
v 287 15
v 288 15
v 289 15
v 290 2
v 291 2
v 292 18
v 293 5
v 294 12
v 295 0
v 296 5
v 297 0
v 298 6
v 299 0
v 300 16
v 301 26
v 302 16
v 303 15
v 304 28
v 305 5
v 306 26
v 307 0
v 308 2
v 309 5
v 310 2
v 311 17
v 312 5
v 313 18
v 314 3
v 315 20
v 316 2
v 317 13
v 318 4
v 319 0
v 320 0
v 321 5
v 322 15
v 323 15
v 324 26
v 325 26
v 326 0
v 327 2
v 328 14
v 329 15
v 330 15
v 331 17
v 332 15
v 333 29
v 334 0
v 335 0
v 336 0
v 337 9
v 338 18
v 339 2
v 340 3
v 341 30
v 342 2
v 343 0
v 344 7
v 345 5
v 346 0
v 347 26
v 348 15
v 349 26
v 350 9
v 351 0
v 352 0
v 353 5
v 354 18
v 355 7
v 356 15
v 357 0
v 358 3
v 359 0
v 360 5
v 361 0
v 362 3
v 363 9
v 364 17
v 365 3
v 366 16
v 367 5
v 368 14
v 369 4
v 370 13
v 371 5
v 372 4
v 373 3
v 374 5
v 375 5
v 376 16
v 377 3
v 378 9
v 379 5
v 380 28
v 381 17
v 382 14
v 383 18
v 384 22
v 385 3
v 386 13
v 387 0
v 388 3
v 389 9
v 390 9
v 391 0
v 392 9
v 393 5
v 394 26
v 395 26
v 396 5
v 397 26
v 398 9
v 399 9
v 400 7
v 401 14
v 402 0
v 403 5
v 404 2
v 405 2
v 406 5
v 407 3
v 408 26
v 409 2
v 410 2
v 411 9
v 412 9
v 413 3
v 414 3
v 415 5
v 416 30
v 417 5
v 418 9
v 419 5
e 0 159 0
e 0 358 0
e 0 125 0
e 1 191 0
e 2 173 0
e 2 126 0
e 2 184 0
e 2 405 0
e 2 162 0
e 3 358 0
e 4 162 0
e 4 189 0
e 4 378 0
e 4 190 0
e 4 384 0
e 4 191 0
e 4 404 0
e 5 191 0
e 5 127 0
e 6 191 0
e 6 367 0
e 6 358 0
e 7 358 0
e 7 198 0
e 9 151 0
e 10 358 0
e 10 191 0
e 13 191 0
e 13 358 0
e 13 291 0
e 14 378 0
e 14 191 0
e 14 358 0
e 15 162 0
e 15 384 0
e 15 378 0
e 15 191 0
e 17 199 0
e 17 378 0
e 17 162 0
e 17 191 0
e 18 191 0
e 18 220 0
e 19 358 0
e 19 406 0
e 19 415 0
e 19 384 0
e 19 378 0
e 20 378 0
e 21 191 0
e 21 358 0
e 21 162 0
e 21 128 0
e 24 358 0
e 25 358 0
e 26 191 0
e 26 411 0
e 26 162 0
e 26 129 0
e 26 178 0
e 27 226 0
e 27 130 0
e 28 191 0
e 29 378 0
e 29 395 0
e 29 191 0
e 29 131 0
e 30 408 0
e 30 390 0
e 30 378 0
e 30 132 0
e 31 191 0
e 31 162 0
e 33 191 0
e 33 133 0
e 34 134 0
e 35 135 0
e 37 162 0
e 37 191 0
e 38 358 0
e 38 245 0
e 38 191 0
e 39 378 0
e 39 191 0
e 40 383 0
e 41 191 0
e 42 136 0
e 43 218 0
e 43 302 0
e 43 191 0
e 43 161 0
e 43 137 0
e 45 182 0
e 45 401 0
e 46 242 0
e 46 191 0
e 47 191 0
e 47 310 0
e 47 253 0
e 48 307 0
e 48 336 0
e 48 317 0
e 48 237 0
e 50 191 0
e 50 358 0
e 50 162 0
e 50 177 0
e 50 138 0
e 51 191 0
e 51 182 0
e 51 139 0
e 54 407 0
e 54 191 0
e 56 140 0
e 56 181 0
e 58 348 0
e 60 164 0
e 60 141 0
e 61 410 0
e 61 191 0
e 61 378 0
e 61 397 0
e 61 252 0
e 62 191 0
e 63 333 0
e 63 143 0
e 63 307 0
e 63 334 0
e 63 346 0
e 65 191 0
e 66 142 0
e 68 226 0
e 69 358 0
e 70 143 0
e 70 357 0
e 70 351 0
e 70 167 0
e 70 352 0
e 70 343 0
e 70 183 0
e 70 144 0
e 70 326 0
e 70 286 0
e 71 248 0
e 73 171 0
e 75 145 0
e 76 146 0
e 77 358 0
e 77 150 0
e 77 378 0
e 78 364 0
e 79 292 0
e 79 191 0
e 81 191 0
e 81 326 0
e 81 286 0
e 81 147 0
e 83 191 0
e 83 378 0
e 83 148 0
e 84 372 0
e 84 191 0
e 84 256 0
e 85 149 0
e 85 401 0
e 87 359 0
e 88 209 0
e 88 191 0
e 89 198 0
e 89 191 0
e 89 405 0
e 90 150 0
e 90 151 0
e 91 379 0
e 91 401 0
e 92 381 0
e 93 191 0
e 93 162 0
e 96 226 0
e 96 191 0
e 97 162 0
e 98 358 0
e 99 191 0
e 100 358 0
e 100 191 0
e 101 191 0
e 101 162 0
e 102 191 0
e 102 168 0
e 102 152 0
e 103 403 0
e 103 358 0
e 103 383 0
e 103 168 0
e 104 169 0
e 104 191 0
e 104 153 0
e 105 191 0
e 106 399 0
e 106 378 0
e 106 162 0
e 106 191 0
e 107 358 0
e 110 219 0
e 110 191 0
e 111 315 0
e 111 358 0
e 111 361 0
e 111 272 0
e 112 367 0
e 112 153 0
e 114 384 0
e 114 207 0
e 114 172 0
e 115 241 0
e 115 308 0
e 115 191 0
e 115 154 0
e 116 191 0
e 116 264 0
e 118 191 0
e 119 358 0
e 119 155 0
e 121 307 0
e 121 156 0
e 121 336 0
e 121 237 0
e 122 216 0
e 123 416 0
e 124 170 0
e 124 157 0
e 124 158 0
e 125 159 0
e 126 405 0
e 127 191 0
e 128 358 0
e 128 162 0
e 128 191 0
e 129 191 0
e 130 226 0
e 131 378 0
e 131 358 0
e 131 191 0
e 131 236 0
e 132 390 0
e 132 378 0
e 132 408 0
e 133 358 0
e 133 191 0
e 133 378 0
e 133 393 0
e 133 324 0
e 133 342 0
e 133 160 0
e 137 218 0
e 137 302 0
e 137 191 0
e 137 161 0
e 138 358 0
e 138 162 0
e 138 191 0
e 139 191 0
e 140 181 0
e 140 163 0
e 141 164 0
e 143 333 0
e 143 191 0
e 143 216 0
e 143 182 0
e 143 346 0
e 143 307 0
e 143 165 0
e 144 166 0
e 144 357 0
e 144 351 0
e 144 358 0
e 144 167 0
e 144 183 0
e 144 352 0
e 144 326 0
e 144 286 0
e 144 343 0
e 147 326 0
e 147 286 0
e 147 191 0
e 148 378 0
e 152 191 0
e 152 168 0
e 152 358 0
e 152 403 0
e 152 383 0
e 153 169 0
e 154 241 0
e 154 308 0
e 154 191 0
e 155 358 0
e 157 170 0
e 158 170 0
e 160 378 0
e 160 191 0
e 160 324 0
e 160 342 0
e 160 393 0
e 160 325 0
e 160 285 0
e 161 207 0
e 161 384 0
e 161 218 0
e 161 171 0
e 161 191 0
e 161 172 0
e 162 199 0
e 162 191 0
e 162 305 0
e 162 293 0
e 162 240 0
e 162 378 0
e 162 294 0
e 162 399 0
e 162 358 0
e 162 205 0
e 162 233 0
e 162 173 0
e 162 185 0
e 162 389 0
e 162 384 0
e 162 189 0
e 162 404 0
e 162 174 0
e 162 411 0
e 162 381 0
e 162 368 0
e 162 190 0
e 162 175 0
e 162 197 0
e 162 184 0
e 162 176 0
e 162 177 0
e 162 398 0
e 162 186 0
e 162 229 0
e 162 178 0
e 162 179 0
e 162 180 0
e 163 181 0
e 165 191 0
e 165 216 0
e 165 182 0
e 166 351 0
e 166 357 0
e 166 358 0
e 167 358 0
e 167 357 0
e 167 351 0
e 167 352 0
e 167 343 0
e 167 286 0
e 167 326 0
e 167 183 0
e 168 191 0
e 168 403 0
e 168 383 0
e 172 384 0
e 172 207 0
e 173 184 0
e 174 358 0
e 174 378 0
e 174 404 0
e 174 384 0
e 174 189 0
e 174 191 0
e 175 358 0
e 175 378 0
e 175 404 0
e 175 190 0
e 175 384 0
e 175 191 0
e 176 185 0
e 176 389 0
e 176 358 0
e 176 191 0
e 177 358 0
e 177 378 0
e 177 191 0
e 177 384 0
e 177 404 0
e 177 189 0
e 177 186 0
e 178 358 0
e 178 411 0
e 178 191 0
e 179 191 0
e 179 381 0
e 179 187 0
e 179 368 0
e 182 358 0
e 182 224 0
e 182 360 0
e 182 191 0
e 182 401 0
e 182 216 0
e 183 352 0
e 183 188 0
e 183 357 0
e 183 351 0
e 183 343 0
e 183 286 0
e 183 326 0
e 185 191 0
e 185 358 0
e 185 389 0
e 186 189 0
e 186 190 0
e 186 384 0
e 186 378 0
e 186 404 0
e 186 191 0
e 188 352 0
e 189 191 0
e 189 358 0
e 189 384 0
e 190 191 0
e 190 384 0
e 190 358 0
e 191 192 0
e 191 358 0
e 191 193 0
e 191 378 0
e 191 409 0
e 191 194 0
e 191 195 0
e 191 310 0
e 191 196 0
e 191 197 0
e 191 198 0
e 191 199 0
e 191 200 0
e 191 201 0
e 191 202 0
e 191 203 0
e 191 204 0
e 191 299 0
e 191 305 0
e 191 205 0
e 191 293 0
e 191 360 0
e 191 206 0
e 191 383 0
e 191 207 0
e 191 208 0
e 191 313 0
e 191 377 0
e 191 209 0
e 191 321 0
e 191 395 0
e 191 210 0
e 191 348 0
e 191 412 0
e 191 211 0
e 191 212 0
e 191 394 0
e 191 398 0
e 191 416 0
e 191 309 0
e 191 407 0
e 191 213 0
e 191 392 0
e 191 214 0
e 191 215 0
e 191 314 0
e 191 216 0
e 191 332 0
e 191 217 0
e 191 301 0
e 191 327 0
e 191 399 0
e 191 218 0
e 191 219 0
e 191 220 0
e 191 390 0
e 191 221 0
e 191 222 0
e 191 397 0
e 191 303 0
e 191 365 0
e 191 223 0
e 191 318 0
e 191 297 0
e 191 330 0
e 191 337 0
e 191 405 0
e 191 224 0
e 191 225 0
e 191 226 0
e 191 396 0
e 191 227 0
e 191 228 0
e 191 304 0
e 191 229 0
e 191 230 0
e 191 231 0
e 191 306 0
e 191 375 0
e 191 373 0
e 191 232 0
e 191 400 0
e 191 343 0
e 191 372 0
e 191 349 0
e 191 341 0
e 191 350 0
e 191 233 0
e 191 234 0
e 191 235 0
e 191 236 0
e 191 418 0
e 191 237 0
e 191 238 0
e 191 239 0
e 191 411 0
e 191 240 0
e 191 363 0
e 191 241 0
e 191 308 0
e 191 242 0
e 191 364 0
e 191 243 0
e 191 320 0
e 191 388 0
e 191 386 0
e 191 369 0
e 191 244 0
e 191 245 0
e 191 246 0
e 191 329 0
e 191 247 0
e 191 248 0
e 191 294 0
e 191 249 0
e 191 250 0
e 191 374 0
e 191 417 0
e 191 251 0
e 191 384 0
e 191 324 0
e 191 393 0
e 191 342 0
e 191 296 0
e 191 302 0
e 191 252 0
e 191 410 0
e 191 344 0
e 191 366 0
e 191 253 0
e 191 254 0
e 191 404 0
e 191 385 0
e 191 354 0
e 191 338 0
e 191 347 0
e 191 391 0
e 191 298 0
e 191 255 0
e 191 376 0
e 191 403 0
e 191 256 0
e 191 356 0
e 191 257 0
e 191 258 0
e 191 367 0
e 191 259 0
e 191 260 0
e 191 322 0
e 191 323 0
e 191 261 0
e 191 262 0
e 191 311 0
e 191 263 0
e 191 389 0
e 191 264 0
e 191 265 0
e 191 266 0
e 191 340 0
e 191 267 0
e 191 268 0
e 191 269 0
e 191 300 0
e 191 270 0
e 191 295 0
e 191 271 0
e 191 272 0
e 191 273 0
e 191 312 0
e 191 274 0
e 191 275 0
e 191 276 0
e 191 326 0
e 191 277 0
e 191 278 0
e 191 279 0
e 191 331 0
e 191 325 0
e 191 280 0
e 191 281 0
e 191 282 0
e 191 283 0
e 191 284 0
e 191 285 0
e 191 286 0
e 191 287 0
e 191 288 0
e 191 289 0
e 191 290 0
e 191 319 0
e 191 291 0
e 191 380 0
e 191 292 0
e 198 405 0
e 198 358 0
e 202 371 0
e 205 293 0
e 207 358 0
e 216 332 0
e 216 346 0
e 216 294 0
e 216 358 0
e 216 393 0
e 216 295 0
e 216 342 0
e 216 296 0
e 216 365 0
e 216 297 0
e 216 298 0
e 216 372 0
e 216 410 0
e 216 299 0
e 216 397 0
e 216 300 0
e 217 358 0
e 217 301 0
e 218 302 0
e 222 303 0
e 227 304 0
e 228 304 0
e 229 305 0
e 230 358 0
e 230 416 0
e 231 306 0
e 232 373 0
e 234 378 0
e 235 358 0
e 237 307 0
e 237 336 0
e 238 358 0
e 239 394 0
e 240 398 0
e 241 308 0
e 242 358 0
e 243 309 0
e 245 358 0
e 246 358 0
e 252 378 0
e 253 310 0
e 256 372 0
e 257 378 0
e 257 358 0
e 263 311 0
e 265 374 0
e 266 358 0
e 267 350 0
e 267 349 0
e 268 416 0
e 269 358 0
e 269 359 0
e 269 338 0
e 269 378 0
e 269 385 0
e 269 347 0
e 269 391 0
e 269 312 0
e 270 390 0
e 271 416 0
e 272 411 0
e 272 358 0
e 272 361 0
e 272 355 0
e 272 391 0
e 272 313 0
e 272 314 0
e 272 315 0
e 272 316 0
e 272 398 0
e 272 347 0
e 272 317 0
e 273 318 0
e 274 319 0
e 275 320 0
e 277 349 0
e 277 340 0
e 277 341 0
e 277 321 0
e 281 322 0
e 281 323 0
e 282 416 0
e 283 350 0
e 283 349 0
e 283 341 0
e 285 378 0
e 285 324 0
e 285 325 0
e 286 357 0
e 286 351 0
e 286 343 0
e 286 352 0
e 286 326 0
e 288 380 0
e 288 366 0
e 290 327 0
e 290 328 0
e 291 329 0
e 295 393 0
e 296 342 0
e 297 344 0
e 297 358 0
e 297 330 0
e 298 358 0
e 298 372 0
e 299 331 0
e 299 372 0
e 300 331 0
e 300 332 0
e 301 358 0
e 307 333 0
e 307 358 0
e 307 370 0
e 307 346 0
e 307 334 0
e 307 335 0
e 307 336 0
e 310 337 0
e 312 378 0
e 312 385 0
e 312 354 0
e 312 391 0
e 312 347 0
e 312 358 0
e 312 338 0
e 315 361 0
e 315 358 0
e 318 339 0
e 319 343 0
e 321 349 0
e 321 340 0
e 321 341 0
e 322 378 0
e 322 388 0
e 323 378 0
e 323 388 0
e 324 358 0
e 324 393 0
e 324 342 0
e 324 378 0
e 325 378 0
e 326 357 0
e 326 351 0
e 326 343 0
e 326 352 0
e 328 419 0
e 330 344 0
e 331 378 0
e 331 345 0
e 331 358 0
e 331 353 0
e 332 358 0
e 334 346 0
e 335 402 0
e 335 382 0
e 335 370 0
e 335 358 0
e 338 347 0
e 338 391 0
e 338 378 0
e 338 385 0
e 338 358 0
e 338 354 0
e 339 348 0
e 341 349 0
e 341 350 0
e 342 378 0
e 343 357 0
e 343 351 0
e 343 352 0
e 345 353 0
e 347 354 0
e 347 391 0
e 347 378 0
e 347 355 0
e 347 385 0
e 348 412 0
e 348 356 0
e 351 358 0
e 351 357 0
e 352 357 0
e 354 358 0
e 354 359 0
e 354 378 0
e 354 385 0
e 354 391 0
e 355 391 0
e 356 358 0
e 356 412 0
e 358 378 0
e 358 359 0
e 358 385 0
e 358 360 0
e 358 361 0
e 358 383 0
e 358 362 0
e 358 363 0
e 358 364 0
e 358 416 0
e 358 365 0
e 358 366 0
e 358 379 0
e 358 367 0
e 358 368 0
e 358 369 0
e 358 370 0
e 358 371 0
e 358 372 0
e 358 406 0
e 358 373 0
e 358 415 0
e 358 374 0
e 358 387 0
e 358 384 0
e 358 375 0
e 358 376 0
e 358 377 0
e 359 385 0
e 359 378 0
e 360 379 0
e 366 380 0
e 368 381 0
e 370 402 0
e 370 382 0
e 374 419 0
e 374 417 0
e 376 383 0
e 376 403 0
e 378 384 0
e 378 385 0
e 378 386 0
e 378 409 0
e 378 413 0
e 378 387 0
e 378 388 0
e 378 407 0
e 378 389 0
e 378 414 0
e 378 390 0
e 378 391 0
e 378 406 0
e 378 392 0
e 378 393 0
e 378 404 0
e 378 394 0
e 378 395 0
e 378 408 0
e 378 396 0
e 378 397 0
e 378 416 0
e 378 398 0
e 378 410 0
e 378 399 0
e 378 400 0
e 379 401 0
e 382 402 0
e 383 403 0
e 384 413 0
e 384 414 0
e 384 404 0
e 384 405 0
e 384 406 0
e 386 407 0
e 388 407 0
e 390 408 0
e 397 409 0
e 397 410 0
e 398 411 0
e 398 412 0
e 404 413 0
e 404 414 0
e 406 415 0
e 409 416 0
e 416 417 0
e 416 418 0
e 417 419 0
t # 1
v 0 0
v 1 4
v 2 2
v 3 0
v 4 2
v 5 0
v 6 1
v 7 0
v 8 2
v 9 5
v 10 3
v 11 2
v 12 2
v 13 1
v 14 0
v 15 2
v 16 2
v 17 2
v 18 2
v 19 0
v 20 17
v 21 0
v 22 2
v 23 0
v 24 0
v 25 3
v 26 15
v 27 12
v 28 17
v 29 2
v 30 2
v 31 17
v 32 10
v 33 2
v 34 17
v 35 10
v 36 2
v 37 21
v 38 2
v 39 5
v 40 2
v 41 5
v 42 0
v 43 12
v 44 2
v 45 2
v 46 2
v 47 2
v 48 2
v 49 2
v 50 2
v 51 2
v 52 0
v 53 2
v 54 2
v 55 2
v 56 2
v 57 0
v 58 12
v 59 0
v 60 12
v 61 0
v 62 12
v 63 2
v 64 2
v 65 17
v 66 4
v 67 9
v 68 2
v 69 0
v 70 2
v 71 2
v 72 0
v 73 2
v 74 12
v 75 4
v 76 2
v 77 0
v 78 2
v 79 0
v 80 2
v 81 1
v 82 0
v 83 2
v 84 2
v 85 17
v 86 17
v 87 17
v 88 2
v 89 2
v 90 18
v 91 2
v 92 4
v 93 2
v 94 3
v 95 17
v 96 2
v 97 2
v 98 12
v 99 1
v 100 2
v 101 4
v 102 2
v 103 27
v 104 17
v 105 2
v 106 5
v 107 17
v 108 17
v 109 1
v 110 2
v 111 17
v 112 12
v 113 12
v 114 2
v 115 2
v 116 2
v 117 2
v 118 12
v 119 12
v 120 12
v 121 17
v 122 2
v 123 17
v 124 2
v 125 2
v 126 16
v 127 2
v 128 16
v 129 16
v 130 12
v 131 2
v 132 5
v 133 4
v 134 4
v 135 2
v 136 21
v 137 17
v 138 2
v 139 17
v 140 2
v 141 12
v 142 2
v 143 17
v 144 2
v 145 17
v 146 12
v 147 2
v 148 0
v 149 2
v 150 2
v 151 16
v 152 0
v 153 2
v 154 0
v 155 0
v 156 0
v 157 2
v 158 2
v 159 14
v 160 2
v 161 12
v 162 1
v 163 1
v 164 14
v 165 17
v 166 2
v 167 0
v 168 2
v 169 3
v 170 12
v 171 2
v 172 2
v 173 5
v 174 16
v 175 17
v 176 12
v 177 12
v 178 2
v 179 0
v 180 14
v 181 17
v 182 2
v 183 27
v 184 13
v 185 0
v 186 0
v 187 0
v 188 9
v 189 2
v 190 17
v 191 0
v 192 5
v 193 2
v 194 17
v 195 5
v 196 2
v 197 5
v 198 1
v 199 0
v 200 2
v 201 0
v 202 17
v 203 17
v 204 2
v 205 2
v 206 2
v 207 2
v 208 18
v 209 1
v 210 28
v 211 2
v 212 2
v 213 2
v 214 2
v 215 0
v 216 4
v 217 17
v 218 2
v 219 1
v 220 12
v 221 2
v 222 21
v 223 2
v 224 2
v 225 17
v 226 12
v 227 2
v 228 17
v 229 17
v 230 17
v 231 4
v 232 4
v 233 2
v 234 17
v 235 2
v 236 2
v 237 0
v 238 2
v 239 2
v 240 12
v 241 4
v 242 2
v 243 2
v 244 28
v 245 2
v 246 17
v 247 1
v 248 1
v 249 2
v 250 17
v 251 0
v 252 17
v 253 17
v 254 2
v 255 17
v 256 2
v 257 0
v 258 15
v 259 2
v 260 12
v 261 2
v 262 0
v 263 5
v 264 0
v 265 4
v 266 2
v 267 2
v 268 2
v 269 2
v 270 2
v 271 12
v 272 12
v 273 2
v 274 2
v 275 12
v 276 2
v 277 2
v 278 12
v 279 12
v 280 12
v 281 2
v 282 2
v 283 2
v 284 2
v 285 2
v 286 2
v 287 0
v 288 0
v 289 2
v 290 2
v 291 2
v 292 2
v 293 0
v 294 2
v 295 9
v 296 2
v 297 13
v 298 0
v 299 2
v 300 2
v 301 2
v 302 1
v 303 17
v 304 17
v 305 2
v 306 12
v 307 0
v 308 0
v 309 16
v 310 13
v 311 0
v 312 18
v 313 17
v 314 2
v 315 17
v 316 0
v 317 2
v 318 0
v 319 12
v 320 17
v 321 2
v 322 2
v 323 15
v 324 24
v 325 9
v 326 2
v 327 4
v 328 2
v 329 1
v 330 0
v 331 2
v 332 2
v 333 2
v 334 2
v 335 2
v 336 17
v 337 2
v 338 17
v 339 0
v 340 1
v 341 1
v 342 2
v 343 2
v 344 2
v 345 2
v 346 2
v 347 0
v 348 2
v 349 8
v 350 2
v 351 2
v 352 2
v 353 17
v 354 2
v 355 1
v 356 17
v 357 2
v 358 17
v 359 2
v 360 12
v 361 2
v 362 2
v 363 2
v 364 16
v 365 4
v 366 2
v 367 0
v 368 30
v 369 16
v 370 17
v 371 0
v 372 17
v 373 0
v 374 2
v 375 0
v 376 0
v 377 0
v 378 14
v 379 2
v 380 2
v 381 2
v 382 4
v 383 0
v 384 13
v 385 13
v 386 2
v 387 2
v 388 2
v 389 4
v 390 4
v 391 16
v 392 1
v 393 1
v 394 1
v 395 1
v 396 1
v 397 1
v 398 1
v 399 1
v 400 1
v 401 10
v 402 0
v 403 2
v 404 1
v 405 2
v 406 2
v 407 12
v 408 2
v 409 2
v 410 17
v 411 17
v 412 2
v 413 17
v 414 24
v 415 1
v 416 17
v 417 0
v 418 0
v 419 0
v 420 0
v 421 0
v 422 16
v 423 5
v 424 2
v 425 0
v 426 19
v 427 0
v 428 1
v 429 25
v 430 0
v 431 9
v 432 5
v 433 16
v 434 2
v 435 12
v 436 3
v 437 12
v 438 12
v 439 12
v 440 2
v 441 16
v 442 3
v 443 2
v 444 3
v 445 12
v 446 17
v 447 8
v 448 12
v 449 3
v 450 15
v 451 12
v 452 24
v 453 0
v 454 5
v 455 5
v 456 12
v 457 12
v 458 2
v 459 2
v 460 12
v 461 5
v 462 0
v 463 5
v 464 12
v 465 18
v 466 12
v 467 0
v 468 3
v 469 2
v 470 16
v 471 12
v 472 5
v 473 18
v 474 0
v 475 5
v 476 2
v 477 5
v 478 5
v 479 0
v 480 5
v 481 12
v 482 2
v 483 2
v 484 2
v 485 0
v 486 2
v 487 5
v 488 3
v 489 5
v 490 5
v 491 5
v 492 15
v 493 5
v 494 16
v 495 16
v 496 2
v 497 5
v 498 23
v 499 2
v 500 0
v 501 17
v 502 2
v 503 12
v 504 16
v 505 5
v 506 5
v 507 12
v 508 13
v 509 2
v 510 14
v 511 15
v 512 3
v 513 5
v 514 12
v 515 5
v 516 3
v 517 0
v 518 2
v 519 2
v 520 12
v 521 2
v 522 0
v 523 2
v 524 13
v 525 2
v 526 12
v 527 2
v 528 2
v 529 16
v 530 2
v 531 13
v 532 12
v 533 2
v 534 0
v 535 16
v 536 2
v 537 2
v 538 0
v 539 0
v 540 13
v 541 3
v 542 13
v 543 31
v 544 5
v 545 28
v 546 0
v 547 0
v 548 13
v 549 0
v 550 0
v 551 16
v 552 17
v 553 2
v 554 12
v 555 12
v 556 2
v 557 0
v 558 2
v 559 12
v 560 2
v 561 0
v 562 12
v 563 0
v 564 15
v 565 2
v 566 3
v 567 2
v 568 12
v 569 2
v 570 2
v 571 5
v 572 12
v 573 2
v 574 2
v 575 2
v 576 0
v 577 2
v 578 2
v 579 2
v 580 15
v 581 2
v 582 2
v 583 2
v 584 16
v 585 3
v 586 12
v 587 2
v 588 5
v 589 0
v 590 2
v 591 15
v 592 12
v 593 15
v 594 12
v 595 15
v 596 2
v 597 1
v 598 2
v 599 2
v 600 2
v 601 2
v 602 15
v 603 15
v 604 15
v 605 15
v 606 15
v 607 2
v 608 2
v 609 0
v 610 13
v 611 15
v 612 21
v 613 21
v 614 5
v 615 5
v 616 18
v 617 2
v 618 2
v 619 2
v 620 2
v 621 3
v 622 3
v 623 2
v 624 12
v 625 12
v 626 15
v 627 15
v 628 3
v 629 18
v 630 18
v 631 16
v 632 2
v 633 2
v 634 2
v 635 18
v 636 5
v 637 5
v 638 2
v 639 2
v 640 16
v 641 16
v 642 15
v 643 15
v 644 2
v 645 3
v 646 2
v 647 2
v 648 26
v 649 2
v 650 2
v 651 0
v 652 2
v 653 15
v 654 15
v 655 0
v 656 5
v 657 0
v 658 16
v 659 2
v 660 0
v 661 15
v 662 21
v 663 0
v 664 2
v 665 2
v 666 2
v 667 15
v 668 5
v 669 16
v 670 5
v 671 0
v 672 18
v 673 17
v 674 0
v 675 0
v 676 0
v 677 0
v 678 0
v 679 2
v 680 15
v 681 5
v 682 5
v 683 0
v 684 0
v 685 2
v 686 0
v 687 0
v 688 30
v 689 0
v 690 2
v 691 24
v 692 5
v 693 3
v 694 5
v 695 3
v 696 3
v 697 0
v 698 0
v 699 2
v 700 2
v 701 0
v 702 2
v 703 2
v 704 16
v 705 2
v 706 5
v 707 0
v 708 1
v 709 15
e 0 429 0
e 1 429 0
e 1 555 0
e 1 559 0
e 1 568 0
e 1 272 0
e 2 674 0
e 2 429 0
e 2 675 0
e 2 676 0
e 2 563 0
e 3 429 0
e 3 273 0
e 3 576 0
e 3 690 0
e 3 589 0
e 3 607 0
e 3 344 0
e 3 608 0
e 3 345 0
e 3 274 0
e 3 275 0
e 3 276 0
e 3 277 0
e 4 334 0
e 4 429 0
e 5 429 0
e 5 658 0
e 6 698 0
e 6 655 0
e 6 660 0
e 6 429 0
e 7 577 0
e 7 583 0
e 7 587 0
e 7 429 0
e 7 278 0
e 7 279 0
e 8 429 0
e 8 280 0
e 10 429 0
e 10 677 0
e 11 539 0
e 11 547 0
e 11 429 0
e 12 419 0
e 12 420 0
e 12 429 0
e 13 429 0
e 14 429 0
e 14 529 0
e 14 414 0
e 15 429 0
e 16 281 0
e 16 282 0
e 16 429 0
e 16 283 0
e 16 372 0
e 16 284 0
e 18 429 0
e 19 429 0
e 20 698 0
e 21 689 0
e 21 429 0
e 22 429 0
e 23 368 0
e 23 429 0
e 24 402 0
e 25 429 0
e 26 429 0
e 26 501 0
e 27 429 0
e 27 600 0
e 27 601 0
e 28 429 0
e 28 347 0
e 28 373 0
e 28 554 0
e 28 348 0
e 28 644 0
e 28 697 0
e 28 647 0
e 28 562 0
e 28 285 0
e 28 286 0
e 29 429 0
e 29 403 0
e 30 429 0
e 31 429 0
e 31 403 0
e 31 379 0
e 31 380 0
e 31 357 0
e 32 382 0
e 33 429 0
e 33 560 0
e 33 582 0
e 34 429 0
e 34 287 0
e 34 288 0
e 34 460 0
e 34 471 0
e 34 289 0
e 34 350 0
e 35 382 0
e 35 407 0
e 37 429 0
e 37 312 0
e 38 429 0
e 38 667 0
e 38 290 0
e 38 526 0
e 38 703 0
e 39 429 0
e 40 351 0
e 40 350 0
e 40 291 0
e 41 518 0
e 41 429 0
e 41 292 0
e 42 429 0
e 42 293 0
e 43 429 0
e 44 429 0
e 45 429 0
e 46 429 0
e 47 429 0
e 48 368 0
e 48 429 0
e 48 308 0
e 49 527 0
e 49 429 0
e 50 429 0
e 51 429 0
e 51 311 0
e 51 359 0
e 54 429 0
e 55 429 0
e 55 599 0
e 55 447 0
e 56 429 0
e 57 429 0
e 57 445 0
e 57 564 0
e 58 429 0
e 58 587 0
e 60 429 0
e 60 357 0
e 60 294 0
e 61 429 0
e 61 531 0
e 62 429 0
e 64 521 0
e 64 429 0
e 65 429 0
e 65 414 0
e 66 429 0
e 67 295 0
e 68 429 0
e 68 326 0
e 70 429 0
e 70 334 0
e 70 335 0
e 71 429 0
e 71 296 0
e 72 671 0
e 72 429 0
e 73 306 0
e 73 429 0
e 74 429 0
e 75 429 0
e 77 297 0
e 78 429 0
e 78 632 0
e 80 688 0
e 80 429 0
e 80 598 0
e 81 429 0
e 82 671 0
e 82 429 0
e 83 429 0
e 83 653 0
e 83 451 0
e 83 654 0
e 83 354 0
e 83 298 0
e 84 429 0
e 85 429 0
e 85 371 0
e 85 340 0
e 85 341 0
e 85 412 0
e 85 567 0
e 85 388 0
e 85 313 0
e 85 370 0
e 86 429 0
e 86 371 0
e 86 340 0
e 86 341 0
e 87 429 0
e 87 414 0
e 88 429 0
e 88 298 0
e 88 354 0
e 89 484 0
e 89 429 0
e 91 429 0
e 91 674 0
e 91 675 0
e 91 565 0
e 91 363 0
e 91 299 0
e 92 437 0
e 92 429 0
e 95 429 0
e 96 429 0
e 96 300 0
e 97 429 0
e 98 368 0
e 98 429 0
e 98 574 0
e 98 301 0
e 99 429 0
e 99 302 0
e 100 429 0
e 101 429 0
e 102 429 0
e 103 429 0
e 104 429 0
e 104 371 0
e 104 340 0
e 104 341 0
e 104 412 0
e 104 567 0
e 104 386 0
e 104 313 0
e 104 370 0
e 105 429 0
e 106 429 0
e 107 429 0
e 107 392 0
e 107 417 0
e 107 415 0
e 107 418 0
e 107 393 0
e 107 419 0
e 107 427 0
e 107 394 0
e 107 420 0
e 107 425 0
e 107 395 0
e 107 421 0
e 107 396 0
e 107 397 0
e 107 398 0
e 107 399 0
e 107 400 0
e 107 356 0
e 108 417 0
e 108 303 0
e 108 429 0
e 108 424 0
e 109 429 0
e 110 429 0
e 110 304 0
e 111 429 0
e 112 429 0
e 113 429 0
e 113 357 0
e 113 305 0
e 114 306 0
e 114 429 0
e 115 429 0
e 116 429 0
e 117 429 0
e 119 429 0
e 120 429 0
e 121 429 0
e 121 673 0
e 121 307 0
e 121 553 0
e 121 447 0
e 122 429 0
e 123 429 0
e 123 370 0
e 123 389 0
e 124 368 0
e 124 429 0
e 124 308 0
e 125 429 0
e 127 429 0
e 128 309 0
e 130 310 0
e 131 429 0
e 131 653 0
e 131 359 0
e 131 311 0
e 132 429 0
e 133 456 0
e 133 429 0
e 134 429 0
e 135 429 0
e 135 332 0
e 136 429 0
e 136 312 0
e 137 429 0
e 137 371 0
e 137 340 0
e 137 341 0
e 137 412 0
e 137 567 0
e 137 387 0
e 137 313 0
e 137 370 0
e 138 429 0
e 138 314 0
e 139 315 0
e 140 360 0
e 140 316 0
e 141 429 0
e 141 361 0
e 141 558 0
e 141 317 0
e 142 638 0
e 142 429 0
e 142 318 0
e 143 429 0
e 143 370 0
e 143 390 0
e 144 429 0
e 144 599 0
e 144 447 0
e 146 429 0
e 147 429 0
e 148 573 0
e 148 429 0
e 148 680 0
e 149 429 0
e 149 362 0
e 149 382 0
e 149 319 0
e 150 368 0
e 150 429 0
e 150 383 0
e 152 429 0
e 153 429 0
e 155 320 0
e 156 429 0
e 156 445 0
e 156 580 0
e 157 429 0
e 157 344 0
e 158 429 0
e 158 365 0
e 158 332 0
e 160 429 0
e 161 614 0
e 162 429 0
e 162 502 0
e 162 501 0
e 163 429 0
e 164 437 0
e 164 323 0
e 164 429 0
e 165 429 0
e 165 383 0
e 165 570 0
e 166 429 0
e 168 429 0
e 171 429 0
e 171 674 0
e 171 676 0
e 171 565 0
e 171 363 0
e 171 321 0
e 172 429 0
e 172 612 0
e 172 322 0
e 173 429 0
e 173 657 0
e 174 429 0
e 175 429 0
e 175 383 0
e 175 558 0
e 176 615 0
e 177 429 0
e 178 429 0
e 179 429 0
e 179 524 0
e 180 456 0
e 180 323 0
e 180 429 0
e 181 429 0
e 181 597 0
e 183 429 0
e 185 324 0
e 186 429 0
e 187 429 0
e 188 325 0
e 189 429 0
e 189 326 0
e 190 429 0
e 190 428 0
e 190 427 0
e 190 450 0
e 190 392 0
e 191 553 0
e 193 429 0
e 195 429 0
e 196 429 0
e 197 429 0
e 198 429 0
e 198 327 0
e 200 537 0
e 200 429 0
e 202 429 0
e 202 371 0
e 202 340 0
e 202 341 0
e 202 673 0
e 202 553 0
e 203 429 0
e 203 392 0
e 203 417 0
e 203 415 0
e 203 418 0
e 203 393 0
e 203 419 0
e 203 427 0
e 203 394 0
e 203 420 0
e 203 425 0
e 203 395 0
e 203 421 0
e 203 396 0
e 203 397 0
e 203 398 0
e 203 399 0
e 203 400 0
e 203 596 0
e 204 429 0
e 206 429 0
e 207 429 0
e 207 328 0
e 208 529 0
e 209 429 0
e 209 329 0
e 210 368 0
e 210 364 0
e 210 330 0
e 211 429 0
e 212 429 0
e 212 707 0
e 212 689 0
e 212 402 0
e 212 376 0
e 212 331 0
e 213 429 0
e 213 667 0
e 214 429 0
e 214 332 0
e 217 429 0
e 217 367 0
e 218 429 0
e 220 429 0
e 220 366 0
e 220 570 0
e 220 333 0
e 221 429 0
e 221 334 0
e 221 335 0
e 222 429 0
e 224 429 0
e 226 429 0
e 227 429 0
e 227 336 0
e 228 429 0
e 228 392 0
e 228 417 0
e 228 415 0
e 228 418 0
e 228 393 0
e 228 419 0
e 228 427 0
e 228 394 0
e 228 420 0
e 228 425 0
e 228 395 0
e 228 421 0
e 228 396 0
e 228 397 0
e 228 398 0
e 228 399 0
e 228 400 0
e 229 429 0
e 229 587 0
e 230 429 0
e 230 583 0
e 231 429 0
e 232 429 0
e 233 429 0
e 234 429 0
e 234 577 0
e 235 429 0
e 235 337 0
e 236 429 0
e 236 447 0
e 237 429 0
e 238 429 0
e 238 338 0
e 240 429 0
e 241 429 0
e 242 429 0
e 242 697 0
e 244 368 0
e 244 369 0
e 244 339 0
e 245 429 0
e 246 429 0
e 246 371 0
e 246 340 0
e 246 341 0
e 247 429 0
e 249 429 0
e 249 651 0
e 252 429 0
e 252 428 0
e 252 425 0
e 252 450 0
e 252 392 0
e 254 429 0
e 255 429 0
e 255 371 0
e 255 340 0
e 255 341 0
e 256 429 0
e 256 613 0
e 256 342 0
e 257 429 0
e 257 573 0
e 257 680 0
e 258 429 0
e 259 429 0
e 259 343 0
e 260 429 0
e 261 429 0
e 263 429 0
e 265 429 0
e 266 429 0
e 269 429 0
e 270 429 0
e 271 429 0
e 272 429 0
e 273 429 0
e 273 576 0
e 273 589 0
e 274 429 0
e 275 429 0
e 275 344 0
e 275 345 0
e 276 690 0
e 276 429 0
e 277 368 0
e 277 429 0
e 277 576 0
e 277 589 0
e 278 429 0
e 278 577 0
e 279 429 0
e 279 583 0
e 280 429 0
e 283 502 0
e 283 372 0
e 284 401 0
e 284 372 0
e 284 346 0
e 285 554 0
e 285 429 0
e 285 347 0
e 286 562 0
e 286 429 0
e 286 348 0
e 286 373 0
e 287 460 0
e 287 429 0
e 288 471 0
e 288 429 0
e 289 429 0
e 289 350 0
e 289 349 0
e 290 429 0
e 290 703 0
e 290 526 0
e 290 667 0
e 290 411 0
e 291 350 0
e 291 351 0
e 292 352 0
e 292 429 0
e 292 578 0
e 293 429 0
e 294 429 0
e 294 357 0
e 294 374 0
e 294 353 0
e 296 429 0
e 296 633 0
e 298 429 0
e 298 354 0
e 299 363 0
e 300 429 0
e 300 666 0
e 301 368 0
e 301 429 0
e 301 574 0
e 302 429 0
e 303 429 0
e 303 375 0
e 303 392 0
e 303 417 0
e 303 415 0
e 303 418 0
e 303 393 0
e 303 419 0
e 303 427 0
e 303 402 0
e 303 394 0
e 303 420 0
e 303 425 0
e 303 395 0
e 303 421 0
e 303 376 0
e 303 396 0
e 303 355 0
e 303 377 0
e 303 397 0
e 303 398 0
e 303 399 0
e 303 400 0
e 303 529 0
e 303 414 0
e 303 356 0
e 303 609 0
e 304 429 0
e 304 367 0
e 305 429 0
e 305 357 0
e 305 381 0
e 305 358 0
e 306 429 0
e 307 447 0
e 308 368 0
e 311 429 0
e 311 359 0
e 313 429 0
e 314 429 0
e 315 429 0
e 315 392 0
e 315 417 0
e 315 415 0
e 315 418 0
e 315 393 0
e 315 419 0
e 315 427 0
e 315 394 0
e 315 420 0
e 315 425 0
e 315 395 0
e 315 421 0
e 315 396 0
e 315 397 0
e 315 398 0
e 315 399 0
e 315 400 0
e 316 360 0
e 317 429 0
e 317 558 0
e 317 361 0
e 318 429 0
e 318 488 0
e 318 638 0
e 319 429 0
e 319 382 0
e 319 362 0
e 320 413 0
e 320 391 0
e 321 363 0
e 322 424 0
e 322 429 0
e 324 368 0
e 324 666 0
e 324 522 0
e 326 429 0
e 327 519 0
e 327 429 0
e 328 429 0
e 329 429 0
e 330 368 0
e 330 364 0
e 331 689 0
e 331 707 0
e 331 376 0
e 331 429 0
e 332 429 0
e 332 590 0
e 332 365 0
e 333 429 0
e 333 570 0
e 333 366 0
e 335 429 0
e 336 429 0
e 337 549 0
e 337 429 0
e 338 429 0
e 338 367 0
e 339 368 0
e 339 369 0
e 340 429 0
e 340 371 0
e 340 412 0
e 340 567 0
e 340 386 0
e 340 387 0
e 340 388 0
e 340 370 0
e 341 429 0
e 341 371 0
e 342 429 0
e 343 549 0
e 343 429 0
e 344 429 0
e 345 429 0
e 346 401 0
e 346 372 0
e 348 562 0
e 348 429 0
e 348 373 0
e 350 429 0
e 353 429 0
e 353 374 0
e 353 415 0
e 354 429 0
e 355 429 0
e 355 375 0
e 355 402 0
e 355 376 0
e 355 377 0
e 355 378 0
e 356 429 0
e 356 392 0
e 356 417 0
e 356 415 0
e 356 418 0
e 356 393 0
e 356 419 0
e 356 427 0
e 356 394 0
e 356 420 0
e 356 425 0
e 356 395 0
e 356 421 0
e 356 396 0
e 356 397 0
e 356 398 0
e 356 399 0
e 356 400 0
e 356 529 0
e 357 429 0
e 357 403 0
e 357 379 0
e 357 380 0
e 358 429 0
e 358 381 0
e 358 415 0
e 358 404 0
e 359 429 0
e 361 429 0
e 361 408 0
e 361 558 0
e 361 383 0
e 362 429 0
e 362 382 0
e 362 701 0
e 362 702 0
e 362 667 0
e 362 410 0
e 363 429 0
e 363 674 0
e 363 675 0
e 363 565 0
e 363 676 0
e 364 429 0
e 365 429 0
e 366 429 0
e 366 409 0
e 366 570 0
e 366 383 0
e 367 429 0
e 368 429 0
e 368 590 0
e 368 384 0
e 368 385 0
e 368 524 0
e 368 531 0
e 368 575 0
e 368 686 0
e 368 687 0
e 369 429 0
e 370 429 0
e 370 648 0
e 370 567 0
e 370 412 0
e 370 386 0
e 370 387 0
e 370 388 0
e 370 389 0
e 370 390 0
e 371 429 0
e 371 391 0
e 371 452 0
e 372 429 0
e 372 392 0
e 372 417 0
e 372 415 0
e 372 418 0
e 372 393 0
e 372 419 0
e 372 427 0
e 372 394 0
e 372 420 0
e 372 425 0
e 372 395 0
e 372 421 0
e 372 396 0
e 372 397 0
e 372 398 0
e 372 399 0
e 372 400 0
e 372 401 0
e 372 502 0
e 374 429 0
e 374 415 0
e 375 429 0
e 375 509 0
e 376 429 0
e 376 508 0
e 376 707 0
e 376 402 0
e 376 689 0
e 377 429 0
e 378 429 0
e 379 429 0
e 379 403 0
e 380 429 0
e 380 403 0
e 381 429 0
e 381 415 0
e 381 404 0
e 382 429 0
e 382 405 0
e 382 406 0
e 382 407 0
e 383 429 0
e 383 558 0
e 383 570 0
e 383 702 0
e 383 703 0
e 383 408 0
e 383 409 0
e 383 410 0
e 383 411 0
e 386 429 0
e 386 567 0
e 386 412 0
e 387 429 0
e 387 567 0
e 387 412 0
e 388 429 0
e 388 567 0
e 388 412 0
e 389 429 0
e 390 429 0
e 391 413 0
e 392 429 0
e 392 417 0
e 392 418 0
e 392 419 0
e 392 427 0
e 392 420 0
e 392 425 0
e 392 421 0
e 393 429 0
e 393 417 0
e 393 418 0
e 393 419 0
e 393 427 0
e 393 420 0
e 393 425 0
e 393 421 0
e 394 429 0
e 394 417 0
e 394 418 0
e 394 419 0
e 394 427 0
e 394 420 0
e 394 425 0
e 394 421 0
e 394 422 0
e 394 415 0
e 395 429 0
e 395 417 0
e 395 418 0
e 395 419 0
e 395 427 0
e 395 420 0
e 395 425 0
e 395 421 0
e 395 414 0
e 396 429 0
e 396 417 0
e 396 418 0
e 396 419 0
e 396 427 0
e 396 420 0
e 396 425 0
e 396 421 0
e 396 600 0
e 397 429 0
e 397 417 0
e 397 418 0
e 397 419 0
e 397 427 0
e 397 420 0
e 397 425 0
e 397 421 0
e 398 429 0
e 398 417 0
e 398 418 0
e 398 419 0
e 398 427 0
e 398 420 0
e 398 425 0
e 398 421 0
e 398 601 0
e 399 429 0
e 399 417 0
e 399 418 0
e 399 419 0
e 399 427 0
e 399 420 0
e 399 425 0
e 399 421 0
e 399 422 0
e 399 415 0
e 400 429 0
e 400 417 0
e 400 418 0
e 400 419 0
e 400 427 0
e 400 420 0
e 400 425 0
e 400 421 0
e 402 429 0
e 403 429 0
e 403 565 0
e 404 429 0
e 404 502 0
e 404 501 0
e 405 429 0
e 406 429 0
e 408 429 0
e 409 429 0
e 410 429 0
e 410 702 0
e 410 416 0
e 411 429 0
e 411 703 0
e 411 581 0
e 412 429 0
e 412 567 0
e 414 529 0
e 414 429 0
e 415 429 0
e 415 417 0
e 415 418 0
e 415 419 0
e 415 427 0
e 415 420 0
e 415 425 0
e 415 421 0
e 415 422 0
e 416 429 0
e 416 701 0
e 416 702 0
e 417 429 0
e 417 423 0
e 417 424 0
e 418 429 0
e 418 426 0
e 418 425 0
e 419 429 0
e 420 429 0
e 421 429 0
e 421 426 0
e 421 427 0
e 424 429 0
e 425 429 0
e 425 428 0
e 427 429 0
e 427 428 0
e 428 429 0
e 428 450 0
e 429 430 0
e 429 706 0
e 429 649 0
e 429 431 0
e 429 432 0
e 429 698 0
e 429 689 0
e 429 433 0
e 429 651 0
e 429 434 0
e 429 435 0
e 429 436 0
e 429 437 0
e 429 438 0
e 429 439 0
e 429 666 0
e 429 658 0
e 429 440 0
e 429 441 0
e 429 442 0
e 429 443 0
e 429 444 0
e 429 445 0
e 429 671 0
e 429 446 0
e 429 447 0
e 429 448 0
e 429 449 0
e 429 450 0
e 429 653 0
e 429 654 0
e 429 451 0
e 429 648 0
e 429 452 0
e 429 453 0
e 429 454 0
e 429 655 0
e 429 455 0
e 429 456 0
e 429 650 0
e 429 679 0
e 429 457 0
e 429 458 0
e 429 459 0
e 429 460 0
e 429 691 0
e 429 667 0
e 429 461 0
e 429 462 0
e 429 463 0
e 429 464 0
e 429 465 0
e 429 466 0
e 429 467 0
e 429 468 0
e 429 469 0
e 429 470 0
e 429 471 0
e 429 659 0
e 429 472 0
e 429 473 0
e 429 474 0
e 429 475 0
e 429 476 0
e 429 477 0
e 429 478 0
e 429 662 0
e 429 479 0
e 429 480 0
e 429 660 0
e 429 668 0
e 429 661 0
e 429 481 0
e 429 685 0
e 429 482 0
e 429 670 0
e 429 483 0
e 429 484 0
e 429 485 0
e 429 663 0
e 429 486 0
e 429 487 0
e 429 488 0
e 429 697 0
e 429 489 0
e 429 490 0
e 429 491 0
e 429 492 0
e 429 493 0
e 429 494 0
e 429 495 0
e 429 496 0
e 429 497 0
e 429 705 0
e 429 498 0
e 429 499 0
e 429 500 0
e 429 501 0
e 429 502 0
e 429 503 0
e 429 504 0
e 429 505 0
e 429 506 0
e 429 507 0
e 429 508 0
e 429 707 0
e 429 509 0
e 429 510 0
e 429 511 0
e 429 678 0
e 429 512 0
e 429 656 0
e 429 513 0
e 429 514 0
e 429 681 0
e 429 515 0
e 429 516 0
e 429 517 0
e 429 518 0
e 429 519 0
e 429 520 0
e 429 521 0
e 429 522 0
e 429 523 0
e 429 524 0
e 429 525 0
e 429 526 0
e 429 657 0
e 429 527 0
e 429 528 0
e 429 529 0
e 429 692 0
e 429 693 0
e 429 530 0
e 429 531 0
e 429 532 0
e 429 682 0
e 429 533 0
e 429 534 0
e 429 535 0
e 429 536 0
e 429 537 0
e 429 669 0
e 429 538 0
e 429 539 0
e 429 540 0
e 429 694 0
e 429 541 0
e 429 542 0
e 429 688 0
e 429 543 0
e 429 544 0
e 429 545 0
e 429 546 0
e 429 547 0
e 429 548 0
e 429 549 0
e 429 550 0
e 429 551 0
e 429 552 0
e 429 553 0
e 429 673 0
e 429 554 0
e 429 555 0
e 429 556 0
e 429 557 0
e 429 558 0
e 429 559 0
e 429 560 0
e 429 561 0
e 429 562 0
e 429 674 0
e 429 675 0
e 429 563 0
e 429 564 0
e 429 565 0
e 429 677 0
e 429 566 0
e 429 567 0
e 429 568 0
e 429 569 0
e 429 570 0
e 429 571 0
e 429 572 0
e 429 701 0
e 429 702 0
e 429 573 0
e 429 574 0
e 429 575 0
e 429 576 0
e 429 577 0
e 429 578 0
e 429 579 0
e 429 676 0
e 429 580 0
e 429 703 0
e 429 581 0
e 429 582 0
e 429 583 0
e 429 584 0
e 429 585 0
e 429 690 0
e 429 586 0
e 429 587 0
e 429 588 0
e 429 589 0
e 429 590 0
e 429 687 0
e 429 591 0
e 429 592 0
e 429 593 0
e 429 594 0
e 429 709 0
e 429 595 0
e 429 596 0
e 429 597 0
e 429 598 0
e 429 599 0
e 429 600 0
e 429 601 0
e 429 602 0
e 429 603 0
e 429 604 0
e 429 605 0
e 429 606 0
e 429 607 0
e 429 608 0
e 429 609 0
e 429 610 0
e 429 611 0
e 429 708 0
e 429 612 0
e 429 613 0
e 429 664 0
e 429 614 0
e 429 615 0
e 429 616 0
e 429 665 0
e 429 617 0
e 429 618 0
e 429 619 0
e 429 620 0
e 429 621 0
e 429 622 0
e 429 623 0
e 429 624 0
e 429 625 0
e 429 686 0
e 429 626 0
e 429 627 0
e 429 628 0
e 429 629 0
e 429 630 0
e 429 631 0
e 429 632 0
e 429 633 0
e 429 634 0
e 429 680 0
e 429 635 0
e 429 636 0
e 429 637 0
e 429 638 0
e 429 695 0
e 429 696 0
e 429 639 0
e 429 640 0
e 429 641 0
e 429 642 0
e 429 643 0
e 429 644 0
e 429 645 0
e 429 646 0
e 429 647 0
e 440 658 0
e 447 648 0
e 447 693 0
e 447 649 0
e 447 650 0
e 447 651 0
e 447 652 0
e 450 653 0
e 451 654 0
e 453 698 0
e 453 655 0
e 459 656 0
e 462 681 0
e 462 682 0
e 462 657 0
e 463 704 0
e 463 671 0
e 469 658 0
e 472 659 0
e 474 698 0
e 479 698 0
e 479 660 0
e 481 661 0
e 483 662 0
e 485 706 0
e 485 663 0
e 507 664 0
e 507 665 0
e 522 666 0
e 526 667 0
e 526 703 0
e 538 669 0
e 540 668 0
e 546 669 0
e 548 670 0
e 550 671 0
e 552 672 0
e 553 673 0
e 563 674 0
e 563 675 0
e 563 676 0
e 566 705 0
e 566 677 0
e 571 678 0
e 571 679 0
e 573 680 0
e 575 681 0
e 575 682 0
e 581 683 0
e 581 703 0
e 588 684 0
e 588 685 0
e 590 686 0
e 590 687 0
e 598 688 0
e 607 689 0
e 608 689 0
e 608 690 0
e 618 691 0
e 626 693 0
e 626 692 0
e 627 693 0
e 627 694 0
e 636 695 0
e 637 696 0
e 644 697 0
e 655 698 0
e 660 698 0
e 663 706 0
e 664 699 0
e 665 700 0
e 667 701 0
e 667 702 0
e 667 703 0
e 671 704 0
e 677 705 0
e 689 706 0
e 689 707 0
e 689 708 0
e 691 709 0
t # 2
v 0 19
v 1 18
v 2 10
v 3 5
v 4 25
v 5 0
v 6 17
v 7 24
v 8 17
v 9 0
v 10 0
v 11 0
v 12 12
v 13 17
v 14 1
v 15 5
v 16 0
v 17 12
v 18 0
v 19 0
v 20 0
v 21 27
v 22 11
v 23 1
v 24 2
v 25 3
v 26 15
v 27 17
v 28 20
v 29 0
v 30 0
v 31 3
v 32 0
v 33 0
v 34 2
v 35 0
v 36 0
v 37 17
v 38 0
v 39 0
v 40 2
v 41 0
v 42 0
v 43 17
v 44 0
v 45 2
v 46 16
v 47 0
v 48 3
v 49 0
v 50 10
v 51 32
v 52 2
v 53 0
v 54 15
v 55 0
v 56 16
v 57 7
v 58 26
v 59 26
v 60 2
v 61 3
v 62 15
v 63 0
v 64 3
v 65 23
v 66 33
v 67 26
v 68 3
v 69 0
v 70 30
v 71 33
v 72 16
v 73 9
v 74 3
v 75 33
v 76 3
v 77 0
v 78 17
e 0 32 0
e 1 33 0
e 2 39 0
e 4 49 0
e 5 49 0
e 5 60 0
e 5 34 0
e 5 50 0
e 6 35 0
e 8 35 0
e 9 56 0
e 10 45 0
e 10 61 0
e 10 73 0
e 10 67 0
e 10 49 0
e 10 50 0
e 10 68 0
e 10 36 0
e 11 68 0
e 11 49 0
e 11 73 0
e 11 67 0
e 11 45 0
e 11 50 0
e 11 61 0
e 11 36 0
e 13 37 0
e 14 49 0
e 16 38 0
e 16 39 0
e 17 40 0
e 18 49 0
e 18 46 0
e 18 54 0
e 18 41 0
e 19 49 0
e 20 49 0
e 20 42 0
e 20 53 0
e 20 47 0
e 20 74 0
e 20 63 0
e 20 77 0
e 20 71 0
e 23 49 0
e 24 65 0
e 24 66 0
e 24 58 0
e 26 49 0
e 27 43 0
e 30 48 0
e 30 49 0
e 30 76 0
e 30 72 0
e 30 55 0
e 30 64 0
e 30 44 0
e 34 49 0
e 36 45 0
e 36 73 0
e 36 67 0
e 36 49 0
e 36 68 0
e 36 61 0
e 36 50 0
e 41 49 0
e 41 46 0
e 41 54 0
e 42 53 0
e 42 47 0
e 42 49 0
e 42 74 0
e 42 63 0
e 42 77 0
e 42 71 0
e 44 49 0
e 44 76 0
e 44 72 0
e 44 55 0
e 44 64 0
e 44 48 0
e 45 49 0
e 45 73 0
e 45 67 0
e 46 49 0
e 47 53 0
e 47 49 0
e 47 74 0
e 47 63 0
e 47 77 0
e 47 71 0
e 48 49 0
e 48 76 0
e 48 72 0
e 48 64 0
e 48 55 0
e 49 71 0
e 49 50 0
e 49 64 0
e 49 78 0
e 49 51 0
e 49 74 0
e 49 63 0
e 49 75 0
e 49 76 0
e 49 72 0
e 49 70 0
e 49 69 0
e 49 52 0
e 49 77 0
e 49 53 0
e 49 58 0
e 49 65 0
e 49 66 0
e 49 54 0
e 49 55 0
e 49 73 0
e 49 56 0
e 49 68 0
e 49 67 0
e 49 61 0
e 49 62 0
e 49 57 0
e 49 60 0
e 49 59 0
e 50 58 0
e 50 65 0
e 50 66 0
e 50 76 0
e 50 73 0
e 50 59 0
e 50 67 0
e 50 68 0
e 50 60 0
e 50 61 0
e 51 71 0
e 52 70 0
e 52 62 0
e 53 74 0
e 53 63 0
e 53 77 0
e 53 71 0
e 55 72 0
e 55 64 0
e 55 76 0
e 58 76 0
e 58 65 0
e 58 66 0
e 61 73 0
e 61 67 0
e 61 68 0
e 62 69 0
e 62 70 0
e 63 74 0
e 63 77 0
e 63 71 0
e 64 76 0
e 64 72 0
e 65 76 0
e 68 73 0
e 71 78 0
e 71 77 0
e 71 74 0
e 71 75 0
e 72 76 0
e 74 77 0
e 75 78 0
e 77 78 0
t # 3
v 0 12
v 1 12
v 2 2
v 3 12
v 4 15
v 5 12
v 6 2
v 7 2
v 8 15
v 9 0
v 10 4
v 11 12
v 12 2
v 13 12
v 14 2
v 15 12
v 16 12
v 17 2
v 18 12
v 19 12
v 20 2
v 21 2
v 22 2
v 23 12
v 24 2
v 25 12
v 26 12
v 27 12
v 28 12
v 29 0
v 30 4
v 31 2
v 32 4
v 33 12
v 34 2
v 35 12
v 36 2
v 37 12
v 38 12
v 39 2
v 40 12
v 41 12
v 42 4
v 43 2
v 44 12
v 45 2
v 46 2
v 47 2
v 48 12
v 49 12
v 50 15
v 51 2
v 52 0
v 53 12
v 54 12
v 55 12
v 56 12
v 57 12
v 58 15
v 59 2
v 60 12
v 61 15
v 62 12
v 63 2
v 64 0
v 65 4
v 66 2
v 67 12
v 68 2
v 69 12
v 70 15
v 71 12
v 72 12
v 73 12
v 74 2
v 75 2
v 76 2
v 77 2
v 78 12
v 79 2
v 80 26
v 81 2
v 82 12
v 83 12
v 84 3
v 85 2
v 86 2
v 87 9
v 88 3
v 89 2
v 90 0
v 91 2
v 92 12
v 93 12
v 94 2
v 95 34
v 96 2
v 97 5
v 98 12
v 99 12
v 100 12
v 101 12
v 102 2
v 103 12
v 104 0
v 105 2
v 106 2
v 107 2
v 108 12
v 109 2
v 110 12
v 111 2
v 112 12
v 113 0
v 114 25
v 115 2
v 116 16
v 117 12
v 118 12
v 119 10
v 120 12
v 121 15
v 122 33
v 123 14
v 124 16
v 125 12
v 126 12
v 127 15
v 128 12
v 129 5
v 130 12
v 131 2
v 132 0
v 133 12
v 134 15
v 135 15
v 136 2
v 137 4
v 138 21
v 139 12
v 140 2
v 141 30
v 142 2
v 143 2
v 144 2
v 145 12
v 146 2
v 147 12
v 148 15
v 149 12
v 150 12
v 151 15
v 152 12
v 153 12
v 154 12
v 155 2
v 156 15
v 157 12
v 158 12
v 159 12
v 160 15
v 161 12
v 162 12
v 163 12
v 164 2
v 165 2
v 166 12
v 167 17
v 168 12
v 169 12
v 170 12
v 171 12
v 172 23
v 173 4
v 174 18
v 175 0
v 176 15
v 177 2
v 178 2
v 179 12
v 180 15
v 181 12
v 182 2
v 183 2
v 184 2
v 185 2
v 186 3
v 187 15
v 188 12
v 189 15
v 190 2
v 191 15
v 192 6
v 193 0
v 194 0
v 195 12
v 196 5
v 197 15
v 198 12
v 199 2
v 200 12
v 201 15
v 202 2
v 203 2
v 204 12
v 205 5
v 206 35
v 207 2
v 208 18
v 209 6
v 210 3
v 211 3
v 212 3
v 213 0
v 214 15
v 215 5
v 216 5
v 217 15
v 218 12
v 219 15
v 220 13
v 221 15
v 222 15
v 223 12
v 224 12
v 225 15
v 226 15
v 227 0
v 228 14
v 229 5
v 230 15
v 231 25
v 232 15
v 233 12
v 234 12
v 235 12
v 236 12
v 237 2
v 238 9
v 239 0
v 240 0
v 241 6
v 242 15
v 243 15
v 244 5
v 245 5
v 246 0
v 247 2
v 248 9
v 249 15
v 250 12
v 251 2
v 252 2
v 253 6
v 254 17
v 255 15
v 256 2
v 257 0
v 258 12
v 259 2
v 260 2
e 0 114 0
e 0 200 0
e 1 229 0
e 1 114 0
e 1 200 0
e 1 188 0
e 2 212 0
e 2 114 0
e 2 200 0
e 3 114 0
e 3 175 0
e 3 119 0
e 4 193 0
e 4 160 0
e 5 114 0
e 5 249 0
e 5 200 0
e 5 121 0
e 5 75 0
e 5 101 0
e 5 137 0
e 6 114 0
e 6 200 0
e 6 210 0
e 6 241 0
e 6 220 0
e 6 76 0
e 7 114 0
e 7 200 0
e 7 77 0
e 8 160 0
e 8 193 0
e 9 114 0
e 9 200 0
e 9 231 0
e 9 178 0
e 10 90 0
e 10 136 0
e 10 114 0
e 11 114 0
e 11 200 0
e 12 114 0
e 12 162 0
e 12 200 0
e 13 114 0
e 13 137 0
e 14 114 0
e 14 216 0
e 15 200 0
e 15 114 0
e 15 222 0
e 15 132 0
e 15 182 0
e 15 243 0
e 15 103 0
e 16 78 0
e 17 256 0
e 17 138 0
e 17 246 0
e 17 114 0
e 17 227 0
e 18 200 0
e 18 114 0
e 19 156 0
e 19 114 0
e 19 79 0
e 19 103 0
e 20 255 0
e 20 243 0
e 20 114 0
e 21 114 0
e 22 259 0
e 22 114 0
e 22 140 0
e 23 172 0
e 23 122 0
e 23 114 0
e 23 200 0
e 23 80 0
e 25 114 0
e 26 114 0
e 26 200 0
e 27 114 0
e 27 173 0
e 27 123 0
e 30 238 0
e 30 114 0
e 30 155 0
e 30 211 0
e 31 248 0
e 31 247 0
e 32 114 0
e 33 141 0
e 33 114 0
e 33 81 0
e 35 200 0
e 35 88 0
e 35 82 0
e 36 114 0
e 36 123 0
e 37 83 0
e 37 200 0
e 38 234 0
e 38 114 0
e 38 200 0
e 38 102 0
e 39 151 0
e 39 191 0
e 39 92 0
e 39 159 0
e 39 114 0
e 40 114 0
e 41 211 0
e 41 200 0
e 41 114 0
e 41 89 0
e 42 199 0
e 42 211 0
e 42 184 0
e 42 84 0
e 43 131 0
e 43 181 0
e 44 211 0
e 45 152 0
e 45 114 0
e 46 114 0
e 46 200 0
e 46 246 0
e 47 200 0
e 47 114 0
e 47 85 0
e 47 86 0
e 47 106 0
e 48 187 0
e 50 87 0
e 51 114 0
e 52 114 0
e 52 184 0
e 52 199 0
e 52 207 0
e 52 88 0
e 52 89 0
e 52 138 0
e 53 136 0
e 53 90 0
e 54 91 0
e 54 107 0
e 55 114 0
e 56 114 0
e 57 114 0
e 57 169 0
e 57 92 0
e 59 93 0
e 60 114 0
e 60 200 0
e 60 94 0
e 63 200 0
e 63 130 0
e 63 114 0
e 63 180 0
e 64 114 0
e 64 190 0
e 65 95 0
e 65 241 0
e 65 220 0
e 67 114 0
e 67 200 0
e 68 96 0
e 68 97 0
e 72 245 0
e 72 114 0
e 72 195 0
e 72 226 0
e 72 98 0
e 72 108 0
e 72 99 0
e 75 177 0
e 75 121 0
e 75 114 0
e 75 128 0
e 75 100 0
e 75 137 0
e 75 101 0
e 76 200 0
e 76 114 0
e 76 241 0
e 76 220 0
e 76 218 0
e 77 114 0
e 77 200 0
e 77 109 0
e 77 142 0
e 77 102 0
e 79 156 0
e 79 114 0
e 79 103 0
e 80 104 0
e 80 114 0
e 80 200 0
e 81 141 0
e 81 105 0
e 82 200 0
e 84 199 0
e 84 184 0
e 85 200 0
e 86 129 0
e 86 200 0
e 86 114 0
e 86 112 0
e 86 106 0
e 88 114 0
e 89 241 0
e 89 220 0
e 89 114 0
e 89 200 0
e 89 138 0
e 89 184 0
e 89 199 0
e 89 207 0
e 90 114 0
e 90 231 0
e 90 183 0
e 90 136 0
e 91 107 0
e 92 114 0
e 92 159 0
e 94 114 0
e 94 200 0
e 95 241 0
e 95 220 0
e 98 114 0
e 99 208 0
e 99 114 0
e 99 200 0
e 99 195 0
e 99 226 0
e 99 108 0
e 100 128 0
e 100 114 0
e 100 177 0
e 101 114 0
e 101 200 0
e 101 121 0
e 102 186 0
e 102 114 0
e 102 142 0
e 102 109 0
e 103 114 0
e 103 156 0
e 104 114 0
e 104 231 0
e 105 114 0
e 105 202 0
e 105 238 0
e 105 110 0
e 105 111 0
e 106 129 0
e 106 114 0
e 106 200 0
e 106 112 0
e 108 200 0
e 108 114 0
e 108 195 0
e 108 226 0
e 109 124 0
e 109 174 0
e 109 114 0
e 109 142 0
e 111 113 0
e 112 129 0
e 112 114 0
e 113 114 0
e 113 155 0
e 114 115 0
e 114 116 0
e 114 194 0
e 114 245 0
e 114 222 0
e 114 200 0
e 114 221 0
e 114 213 0
e 114 240 0
e 114 239 0
e 114 209 0
e 114 117 0
e 114 118 0
e 114 175 0
e 114 119 0
e 114 120 0
e 114 201 0
e 114 249 0
e 114 177 0
e 114 121 0
e 114 210 0
e 114 256 0
e 114 172 0
e 114 122 0
e 114 212 0
e 114 202 0
e 114 238 0
e 114 231 0
e 114 123 0
e 114 243 0
e 114 255 0
e 114 229 0
e 114 124 0
e 114 174 0
e 114 214 0
e 114 224 0
e 114 215 0
e 114 125 0
e 114 216 0
e 114 171 0
e 114 247 0
e 114 126 0
e 114 127 0
e 114 205 0
e 114 225 0
e 114 217 0
e 114 253 0
e 114 237 0
e 114 128 0
e 114 206 0
e 114 198 0
e 114 129 0
e 114 218 0
e 114 219 0
e 114 130 0
e 114 131 0
e 114 190 0
e 114 181 0
e 114 132 0
e 114 182 0
e 114 195 0
e 114 186 0
e 114 260 0
e 114 196 0
e 114 133 0
e 114 176 0
e 114 134 0
e 114 135 0
e 114 136 0
e 114 137 0
e 114 259 0
e 114 185 0
e 114 227 0
e 114 246 0
e 114 184 0
e 114 199 0
e 114 241 0
e 114 220 0
e 114 207 0
e 114 138 0
e 114 203 0
e 114 139 0
e 114 140 0
e 114 141 0
e 114 142 0
e 114 180 0
e 114 143 0
e 114 192 0
e 114 144 0
e 114 145 0
e 114 234 0
e 114 226 0
e 114 173 0
e 114 146 0
e 114 230 0
e 114 191 0
e 114 147 0
e 114 148 0
e 114 149 0
e 114 150 0
e 114 151 0
e 114 233 0
e 114 152 0
e 114 153 0
e 114 178 0
e 114 235 0
e 114 154 0
e 114 155 0
e 114 232 0
e 114 251 0
e 114 156 0
e 114 197 0
e 114 252 0
e 114 204 0
e 114 157 0
e 114 188 0
e 114 179 0
e 114 158 0
e 114 159 0
e 114 160 0
e 114 187 0
e 114 228 0
e 114 161 0
e 114 162 0
e 114 163 0
e 114 164 0
e 114 165 0
e 114 166 0
e 114 167 0
e 114 168 0
e 114 169 0
e 114 170 0
e 115 202 0
e 118 200 0
e 120 171 0
e 120 200 0
e 122 200 0
e 122 227 0
e 122 172 0
e 123 186 0
e 123 237 0
e 123 173 0
e 124 174 0
e 125 175 0
e 127 176 0
e 128 177 0
e 128 200 0
e 128 178 0
e 128 179 0
e 130 200 0
e 130 180 0
e 131 181 0
e 132 200 0
e 132 243 0
e 132 222 0
e 132 182 0
e 133 200 0
e 134 201 0
e 136 183 0
e 138 199 0
e 138 207 0
e 138 184 0
e 138 256 0
e 140 259 0
e 140 185 0
e 142 186 0
e 144 200 0
e 144 187 0
e 145 200 0
e 146 203 0
e 146 191 0
e 147 229 0
e 147 188 0
e 148 201 0
e 148 189 0
e 149 202 0
e 149 190 0
e 151 191 0
e 153 253 0
e 153 237 0
e 153 192 0
e 155 238 0
e 160 193 0
e 162 200 0
e 163 194 0
e 163 195 0
e 164 196 0
e 165 198 0
e 165 206 0
e 166 200 0
e 168 244 0
e 168 200 0
e 169 200 0
e 170 200 0
e 171 248 0
e 172 200 0
e 172 227 0
e 172 246 0
e 176 205 0
e 176 249 0
e 176 197 0
e 178 200 0
e 179 206 0
e 179 198 0
e 180 203 0
e 182 200 0
e 182 243 0
e 182 222 0
e 183 200 0
e 184 211 0
e 184 207 0
e 184 199 0
e 187 200 0
e 188 229 0
e 189 201 0
e 189 249 0
e 190 202 0
e 191 203 0
e 192 253 0
e 192 237 0
e 192 204 0
e 197 205 0
e 198 206 0
e 199 211 0
e 199 207 0
e 200 208 0
e 200 245 0
e 200 209 0
e 200 254 0
e 200 210 0
e 200 211 0
e 200 212 0
e 200 213 0
e 200 240 0
e 200 239 0
e 200 214 0
e 200 215 0
e 200 216 0
e 200 217 0
e 200 218 0
e 200 219 0
e 200 241 0
e 200 220 0
e 200 221 0
e 200 222 0
e 200 247 0
e 200 243 0
e 200 223 0
e 200 249 0
e 200 246 0
e 200 224 0
e 200 225 0
e 200 259 0
e 200 260 0
e 200 226 0
e 200 227 0
e 200 228 0
e 200 229 0
e 200 230 0
e 200 231 0
e 200 242 0
e 200 232 0
e 200 233 0
e 200 234 0
e 200 235 0
e 200 236 0
e 202 238 0
e 204 253 0
e 204 237 0
e 211 238 0
e 213 239 0
e 213 240 0
e 220 241 0
e 222 254 0
e 222 242 0
e 222 243 0
e 223 244 0
e 226 245 0
e 227 256 0
e 227 246 0
e 228 247 0
e 228 248 0
e 230 249 0
e 231 250 0
e 233 259 0
e 233 251 0
e 235 260 0
e 235 252 0
e 237 253 0
e 242 254 0
e 243 255 0
e 246 256 0
e 249 257 0
e 250 258 0
e 251 259 0
e 252 260 0
